3.503785000000000146e-03 -2.561075000000000005e-04 1.164805000000000094e-03 -3.001748815672162455e-03 0.000000000000000000e+00 0.000000000000000000e+00 0.000000000000000000e+00 0.000000000000000000e+00
-2.561075000000000005e-04 1.982667999999999930e-03 7.682168000000000069e-04 3.720633845143154778e-03 0.000000000000000000e+00 0.000000000000000000e+00 0.000000000000000000e+00 0.000000000000000000e+00
1.164805000000000094e-03 7.682168000000000069e-04 8.423734000000000430e-03 4.318014183616685994e-04 0.000000000000000000e+00 0.000000000000000000e+00 0.000000000000000000e+00 0.000000000000000000e+00
-3.001748815672162455e-03 3.720633845143154778e-03 4.318014183616685994e-04 1.440471739220306607e-02 0.000000000000000000e+00 0.000000000000000000e+00 0.000000000000000000e+00 0.000000000000000000e+00
0.000000000000000000e+00 0.000000000000000000e+00 0.000000000000000000e+00 0.000000000000000000e+00 2.032857999999999801e-03 -6.018881000000000014e-04 3.579009000000000075e-04 -2.823982933263928432e-03
0.000000000000000000e+00 0.000000000000000000e+00 0.000000000000000000e+00 0.000000000000000000e+00 -6.018881000000000014e-04 9.481547000000000109e-04 -4.284952999999999766e-04 2.224833441260356225e-03
0.000000000000000000e+00 0.000000000000000000e+00 0.000000000000000000e+00 0.000000000000000000e+00 3.579009000000000075e-04 -4.284952999999999766e-04 8.023821999999999899e-03 -2.897831074477781599e-03
0.000000000000000000e+00 0.000000000000000000e+00 0.000000000000000000e+00 0.000000000000000000e+00 -2.823982933263928432e-03 2.224833441260356225e-03 -2.897831074477781599e-03 1.284719605509250517e-02
